<?xml version="1.0"?>
<opencv_storage>
<calibration_Time>"Sat May  9 21:20:50 2020"</calibration_Time>
<nrOfFrames>40</nrOfFrames>
<image_Width>1920</image_Width>
<image_Height>1080</image_Height>
<board_Width>8</board_Width>
<board_Height>5</board_Height>
<square_Size>2.4500000000000000e+01</square_Size>
<FixAspectRatio>1.</FixAspectRatio>
<!-- flags:  +fix_aspectRatio +fix_principal_point +zero_tangent_dist -->
<flagValue>14</flagValue>
<Camera_Matrix type_id="opencv-matrix">
  <rows>3</rows>
  <cols>3</cols>
  <dt>d</dt>
  <data>
    1.3729047432446862e+03 0. 960. 0. 1.3729047432446862e+03 540. 0. 0.
    1.</data></Camera_Matrix>
<Distortion_Coefficients type_id="opencv-matrix">
  <rows>5</rows>
  <cols>1</cols>
  <dt>d</dt>
  <data>
    6.6912955540917906e-03 -7.0638117332681979e-02 0. 0.
    -1.8111074579249382e-02</data></Distortion_Coefficients>
<Avg_Reprojection_Error>1.4048586387992199e+00</Avg_Reprojection_Error>
<Per_View_Reprojection_Errors type_id="opencv-matrix">
  <rows>40</rows>
  <cols>1</cols>
  <dt>f</dt>
  <data>
    7.92724550e-01 8.75344038e-01 1.08739007e+00 7.87487328e-01
    7.69113779e-01 7.72311687e-01 1.00054598e+00 1.13816297e+00
    1.07546103e+00 1.19535029e+00 1.22048783e+00 1.22940850e+00
    1.14960313e+00 1.49595034e+00 1.33304107e+00 1.38675427e+00
    1.34635186e+00 1.94767499e+00 1.07356703e+00 1.44224966e+00
    2.04579902e+00 2.07095313e+00 1.88629198e+00 1.08067870e+00
    2.56565070e+00 6.79563224e-01 2.14425087e+00 2.18818092e+00
    1.28712368e+00 1.38869822e+00 1.43679166e+00 2.07978916e+00
    9.95161891e-01 1.04144561e+00 1.19421995e+00 1.37498939e+00
    1.15534019e+00 1.20775974e+00 1.26502466e+00 1.08979011e+00</data></Per_View_Reprojection_Errors>
<!-- a set of 6-tuples (rotation vector + translation vector) for each view -->
<Extrinsic_Parameters type_id="opencv-matrix">
  <rows>40</rows>
  <cols>6</cols>
  <dt>d</dt>
  <data>
    -1.0115266691571587e-01 -4.4852134856255388e-02
    -3.1106706371988087e+00 9.2192733792061389e+01
    4.3223215846156606e+01 2.3007933447466658e+02
    -3.9281447338219269e-02 6.6105626133229373e-02
    2.5089658856543826e-02 -5.1817247130709752e+01
    -5.8886751688782518e+01 2.4473060731480908e+02
    -3.9581718096980814e-02 6.9066833915500753e-02
    2.7580127562631018e-02 -5.1001549351032082e+01
    -5.8915256065949329e+01 2.4476007676800873e+02
    -6.4346751331778210e-02 1.3454334658841705e-01
    3.4050055124250515e-02 -4.2162311424157373e+01
    -5.9330128851668057e+01 2.5335752762461053e+02
    -7.2743404296361516e-02 1.3379484065688058e-01
    3.3105520917122842e-02 -4.2053669770847762e+01
    -6.0169835150856599e+01 2.5524556351879130e+02
    -2.0023523304132093e-01 -1.2802030976163828e-01
    -3.1005086921679070e+00 9.9909335671835009e+01
    4.0415110398754479e+01 2.2986758960373658e+02
    -8.2347665990009186e-02 1.2920339242221926e-01
    3.0371979941095119e-02 -6.7235965712172799e+01
    -3.8202305900864765e+01 2.5907873286396568e+02
    -2.2807732191679467e-01 -4.1141153776648892e-01
    -3.0498736922455798e+00 1.1029705152043638e+02
    2.9428678012035562e+01 2.4200717058254622e+02
    -7.6690829132835148e-02 1.1774269939485031e-01
    4.5495506539702281e-02 -5.4630149707515450e+01
    -5.0036033017741346e+01 2.4865019598491114e+02
    -7.1177000472721394e-02 1.2035277964643855e-01
    4.4990775059267803e-02 -5.4478873147684922e+01
    -4.9820233106497852e+01 2.4824458268423456e+02
    -6.9424412761106627e-02 1.2183321776644233e-01
    4.6065804029558233e-02 -5.4156112432069555e+01
    -4.9742395111544703e+01 2.4786913805747702e+02
    -6.4458406767116047e-02 1.2822488378323682e-01
    4.6956773713529576e-02 -5.3659136731641766e+01
    -4.9395636984155942e+01 2.4778700307281937e+02
    -1.9500627393500308e-01 -1.0047671037692069e-01
    -3.0863578312465463e+00 1.1296268504920576e+02
    3.1820485719088442e+01 2.2132136218841288e+02
    -5.7055781003533083e-02 1.2794493159794229e-01
    5.7906202655848782e-02 -4.9236731601491833e+01
    -4.3380567357361713e+01 2.4857916809890312e+02
    -1.9593126174473843e-01 -9.1152000582315346e-02
    -3.0751984475966925e+00 1.1613724942543955e+02
    3.9883635194276671e+01 2.2308045787092024e+02
    -1.9499070112863831e-01 -1.0052228035305449e-01
    -3.0712117984580249e+00 1.1683813603020803e+02
    4.1404796597196928e+01 2.2394783608281318e+02
    -1.9607718210139150e-01 -1.0259356207518019e-01
    -3.0682522826758842e+00 1.1729672022734519e+02
    4.1846338963694208e+01 2.2457825474164375e+02
    -1.7985188985107292e-01 -9.2228174537503885e-02
    -3.0739219743977975e+00 1.1742654835706588e+02
    4.0922492236408196e+01 2.2875563751262084e+02
    -6.1860944740798444e-02 8.6537288998936465e-02
    5.4881761788998243e-02 -5.2988689418827903e+01
    -4.0455602870059522e+01 2.4720762645194984e+02
    -5.9987401968524166e-02 8.7533907327141461e-02
    5.5421232844904286e-02 -5.4503928106204988e+01
    -3.9951715520282114e+01 2.4727929447304012e+02
    -6.8902355407587351e-02 8.4653974021130729e-02
    5.2480831852851573e-02 -5.6845490874049531e+01
    -3.9399397592871672e+01 2.4799961786606679e+02
    -7.3633645656551935e-02 7.6964339288561862e-02
    4.8718326176844073e-02 -5.9698986312626992e+01
    -3.9082008882744809e+01 2.4775732598827958e+02
    -7.3941133137928480e-02 7.4002845103118803e-02
    4.5371398258195528e-02 -6.2408542919452707e+01
    -3.8830482815400032e+01 2.4721862740936675e+02
    -4.2289145843355351e-02 4.9115483870131135e-02
    3.1239330519663024e-02 -5.2448065657569821e+01
    -6.0237080852404489e+01 2.3992809727737639e+02
    -3.5736661174019274e-02 4.7627612514773647e-02
    2.9178704173031998e-02 -5.4371765264343225e+01
    -6.0560226949259061e+01 2.3957606108309187e+02
    -2.4222834024139189e-02 -4.6238633771316338e-02
    -3.1272809034798241e+00 8.7374637720800365e+01
    3.9461752911071194e+01 2.3044437495573214e+02
    -1.8700367187742210e-02 -3.1438237149281879e-02
    -3.1305827009989158e+00 8.6726100728234087e+01
    3.9080301843954096e+01 2.3112861198141687e+02 4.4877770377817025e-02
    -5.6915540389069728e-02 -3.2219382611375788e-02
    -7.3372526910675731e+01 -5.4572918940886396e+01
    2.2173530987640638e+02 -1.1027627473519762e-01
    -5.4869763917230051e-02 3.0840665314563593e+00
    7.2322009201988948e+01 3.5314610901944100e+01 2.3842796762455873e+02
    -1.1537755569800782e-01 -5.3886977171567610e-02
    3.0845664184315513e+00 7.1548330006114796e+01 3.6323676879271900e+01
    2.3925970784829690e+02 4.6380917600549951e-02
    -8.0902572373217824e-02 -6.1202180204127897e-02
    -8.3222806994764213e+01 -5.1612814854177522e+01
    2.2464152729920613e+02 -2.7619918062743432e-01
    4.9311929078486735e-02 3.0247312167017277e+00 5.7107065895029471e+01
    4.1278520645050030e+01 2.7358757273733954e+02
    -2.8571321828886703e-01 6.2434708148578884e-02
    3.0220352774006543e+00 5.7145341990002848e+01 4.0850229316888438e+01
    2.7154450312598561e+02 -2.8273107064352543e-01
    5.4474169896596494e-02 3.0218569214192650e+00 5.6747478937814414e+01
    4.0546379490645329e+01 2.7033370104423761e+02
    -1.5445699677928212e-02 -1.6276849975168367e-01
    -1.0861034530153317e-01 -9.9229752999984299e+01
    -4.3612212247298942e+01 2.4208684320915947e+02
    3.1264807415772533e-02 -1.2624840533653228e-01
    -9.6177130546416245e-02 -9.6361581344162673e+01
    -4.5163649398946951e+01 2.3824467707843880e+02
    -9.3260732302975019e-02 -1.6814234251834620e-01
    3.0754142197616741e+00 6.7183514060931927e+01 3.9980441531727138e+01
    2.5048617175113441e+02 -8.5801010988489315e-02
    -1.7698836004897078e-01 3.0813567766640984e+00
    6.8177335397805706e+01 4.0917284521830268e+01 2.5099056696965440e+02
    -1.4146301032123934e-01 2.9932788141394340e-01
    -3.1185774538953117e+00 8.0804076395574626e+01
